#PRONUNCIATION MATRIX
#CITED FROM: 
#Ben Hixon, Eric Schneider, Susan L. Epstein, “ Phonemic Similarity
#Metrics to Compare Pronunciation Methods”, INTERSPEECH 2011,
#28-31 August 2011, Florence, Italy. 
    AA     AE     AH     AO     AW     AY     B      CH     D      DH     EH     ER     EY     F      G      HH     IH     IY     JH     K      L      M      N      NG     OW     OY     P      R      S      SH     T      TH     UH     UW     V      W      Y      Z      ZH     
AA 2.932 1.685 0.937 2.031 1.556 0.558 -0.030 0.230 0.371 -0.745 0.410 0.833 1.070 0.324 0.791 0.781 0.355 0.964 0.837 0.460 0.069 0.636 0.789 0.307 1.712 0.433 0.012 0.290 0.503 0.473 0.529 1.158 0.824 0.643 0.037 0.380 0.970 0.878 1.212
AE 1.685 2.964 0.844 0.545 -0.942 0.762 0.167 0.452 0.506 0.764 0.598 0.386 1.269 -0.486 -0.132 0.298 0.245 0.717 0.076 0.157 0.057 0.117 0.439 0.207 0.603 -0.360 -0.568 0.180 0.143 0.328 0.198 0.237 -0.454 -0.506 0.569 -0.064 0.327 0.594 0.642
AH 0.937 0.844 2.010 0.646 -0.373 0.854 -0.524 0.899 0.698 -0.020 0.618 1.183 1.126 -0.052 0.034 0.574 1.424 1.114 0.785 0.069 0.725 0.067 0.264 0.921 1.080 -0.149 -0.523 0.035 0.394 0.783 0.777 0.711 0.930 1.239 0.357 0.321 1.061 0.925 0.262
AO 2.031 0.545 0.646 3.643 1.423 0.379 -0.425 -0.422 0.450 1.830 0.548 1.573 0.755 0.122 0.857 0.671 0.274 0.924 -0.021 0.328 0.219 -0.242 0.513 0.531 1.355 0.523 -0.015 0.688 0.476 0.894 0.651 1.362 2.221 0.468 0.079 1.145 0.517 1.082 1.708
AW 1.556 -0.942 -0.373 1.423 4.594 -0.415 -1.541 0.319 0.119 1.696 -1.446 0.677 0.332 -0.907 0.965 0.131 -0.546 0.072 -1.542 -1.430 -0.633 0.578 -0.450 -0.739 1.833 0.388 -1.691 -0.331 -0.162 0.001 0.123 0.380 0.007 1.793 -0.567 -0.088 -0.716 0.100 0.880
AY 0.558 0.762 0.854 0.379 -0.415 3.353 -0.782 -0.086 0.216 1.068 0.781 1.185 1.045 0.502 0.422 1.561 1.309 1.972 0.433 0.752 0.606 0.262 1.095 -0.162 0.279 -0.932 -0.446 0.441 0.503 1.078 0.604 0.563 0.632 0.111 0.854 1.299 0.528 0.718 0.658
B  -0.030 0.167 -0.524 -0.425 -1.541 -0.782 3.434 -1.904 -1.838 -0.527 -0.392 -0.082 -0.040 -3.535 -0.999 0.660 -0.358 -0.025 -0.992 -1.168 -1.710 -2.130 -2.119 -1.287 -0.272 -1.141 -3.913 -1.116 -1.476 -1.058 -1.229 -1.843 0.557 -0.237 -2.384 -0.318 -0.454 -0.762 -0.650
CH 0.230 0.452 0.899 -0.422 0.319 -0.086 -1.904 4.350 -0.289 0.639 0.611 0.869 0.829 -2.369 -0.285 0.748 0.309 1.269 -1.905 0.692 0.642 -0.098 0.145 -0.591 0.543 0.025 -0.955 -0.272 0.107 2.816 0.676 -0.677 1.946 0.878 0.169 0.892 0.625 0.612 0.517
D  0.371 0.506 0.698 0.450 0.119 0.216 -1.838 -0.289 2.852 1.634 -0.491 -0.033 -0.159 -1.374 -1.236 0.052 0.920 0.364 -0.677 -1.048 -1.321 -1.121 -1.479 -1.752 -0.223 -1.924 -1.478 -0.973 -0.931 -0.520 -0.361 -0.061 0.527 -0.027 -0.970 -0.018 -0.288 -0.676 -0.334
DH -0.745 0.764 -0.020 1.830 1.696 1.068 -0.527 0.639 1.634 6.293 -1.126 0.896 0.740 1.310 -0.161 1.144 0.418 0.814 0.164 -1.333 0.227 1.330 0.424 0.968 -0.331 2.095 -0.677 0.377 0.523 0.098 -0.367 4.859 1.713 0.696 -0.246 0.520 0.297 0.757 2.586
EH 0.410 0.598 0.618 0.548 -1.446 0.781 -0.392 0.611 -0.491 -1.126 2.901 0.967 0.810 -0.608 -0.125 0.676 0.836 1.236 0.300 0.257 0.097 -0.063 0.178 -0.439 0.782 1.556 -0.452 0.541 0.040 0.512 0.292 -0.139 0.823 0.459 0.276 0.607 0.488 0.493 0.697
ER 0.833 0.386 1.183 1.573 0.677 1.185 -0.082 0.869 -0.033 0.896 0.967 2.809 0.609 -0.274 -0.183 0.950 0.871 1.045 0.465 0.117 0.931 -0.255 0.202 0.529 0.375 0.415 -0.217 1.460 0.261 0.934 0.827 -0.169 1.592 0.588 0.483 0.812 0.632 0.820 1.717
EY 1.070 1.269 1.126 0.755 0.332 1.045 -0.040 0.829 -0.159 0.740 0.810 0.609 3.217 -0.477 0.237 0.345 0.718 1.406 0.392 0.088 -0.111 0.037 0.273 -0.801 0.877 0.636 -1.106 -0.032 0.495 0.880 0.858 -0.065 -0.661 0.924 0.297 0.587 1.181 0.890 1.310
F  0.324 -0.486 -0.052 0.122 -0.907 0.502 -3.535 -2.369 -1.374 1.310 -0.608 -0.274 -0.477 3.638 -0.972 -0.129 0.189 0.321 -0.541 -0.730 -0.789 -1.784 -1.332 -1.059 -0.344 -0.913 -0.389 -2.012 -0.448 -0.512 -0.557 0.331 0.497 -0.009 0.180 -0.784 -1.101 -1.106 -0.422
G  0.791 -0.132 0.034 0.857 0.965 0.422 -0.999 -0.285 -1.236 -0.161 -0.125 -0.183 0.237 -0.972 3.744 -0.340 0.066 0.083 1.144 -0.648 -0.824 -1.010 -0.380 -0.228 0.690 0.323 -2.161 -0.750 -0.574 -0.826 -0.361 -1.477 0.923 0.429 -0.121 -0.479 0.893 -0.275 0.815
HH 0.781 0.298 0.574 0.671 0.131 1.561 0.660 0.748 0.052 1.144 0.676 0.950 0.345 -0.129 -0.340 3.547 1.065 1.127 0.273 0.029 0.925 0.720 0.385 0.895 0.531 -0.569 0.373 0.137 0.317 0.325 1.059 0.809 -0.950 1.734 -0.202 3.149 1.793 0.722 -0.077
IH 0.355 0.245 1.424 0.274 -0.546 1.309 -0.358 0.309 0.920 0.418 0.836 0.871 0.718 0.189 0.066 1.065 2.167 1.542 1.147 0.360 0.582 0.032 0.383 -0.895 0.505 0.760 -0.240 0.213 0.464 0.373 0.773 0.296 0.676 0.407 0.658 0.882 0.466 1.045 0.632
IY 0.964 0.717 1.114 0.924 0.072 1.972 -0.025 1.269 0.364 0.814 1.236 1.045 1.406 0.321 0.083 1.127 1.542 2.544 0.608 0.749 0.763 0.499 0.765 0.639 1.105 0.066 0.223 0.617 0.681 1.294 0.761 0.819 0.997 1.204 1.204 1.039 1.864 0.923 1.445
JH 0.837 0.076 0.785 -0.021 -1.542 0.433 -0.992 -1.905 -0.677 0.164 0.300 0.465 0.392 -0.541 1.144 0.273 1.147 0.608 4.109 -0.412 -0.281 -0.522 -0.552 0.657 0.343 -0.450 -0.824 -0.307 -0.784 -1.753 -0.273 -1.152 0.267 -0.596 -0.999 -0.521 1.154 -0.367 3.086
K  0.460 0.157 0.069 0.328 -1.430 0.752 -1.168 0.692 -1.048 -1.333 0.257 0.117 0.088 -0.730 -0.648 0.029 0.360 0.749 -0.412 2.764 -0.763 -1.404 -1.031 -0.561 0.309 -0.848 -1.423 -0.475 -0.718 -0.159 -0.592 0.059 0.505 0.181 -0.992 -0.138 0.127 -0.636 0.490
L  0.069 0.057 0.725 0.219 -0.633 0.606 -1.710 0.642 -1.321 0.227 0.097 0.931 -0.111 -0.789 -0.824 0.925 0.582 0.763 -0.281 -0.763 2.472 -0.693 -0.870 1.051 0.285 -1.080 -1.732 -0.667 -1.035 0.087 -0.281 -0.935 0.212 0.073 -1.153 0.700 0.134 -0.382 -0.994
M  0.636 0.117 0.067 -0.242 0.578 0.262 -2.130 -0.098 -1.121 1.330 -0.063 -0.255 0.037 -1.784 -1.010 0.720 0.032 0.499 -0.522 -1.404 -0.693 3.079 -0.907 -0.594 0.176 -1.587 -1.720 -1.108 -0.986 -0.945 -0.306 0.419 0.111 0.233 -1.849 0.096 0.049 -0.452 -0.402
N  0.789 0.439 0.264 0.513 -0.450 1.095 -2.119 0.145 -1.479 0.424 0.178 0.202 0.273 -1.332 -0.380 0.385 0.383 0.765 -0.552 -1.031 -0.870 -0.907 2.428 -0.027 0.156 -2.493 -1.528 -0.693 -0.744 -0.347 -0.534 -0.250 0.303 0.335 -1.502 0.249 0.530 -0.624 0.196
NG 0.307 0.207 0.921 0.531 -0.739 -0.162 -1.287 -0.591 -1.752 0.968 -0.439 0.529 -0.801 -1.059 -0.228 0.895 -0.895 0.639 0.657 -0.561 1.051 -0.594 -0.027 3.818 -0.126 -0.745 -0.952 -0.266 -0.685 -0.949 -0.162 -0.060 1.272 0.054 0.050 0.701 0.348 -0.532 0.440
OW 1.712 0.603 1.080 1.355 1.833 0.279 -0.272 0.543 -0.223 -0.331 0.782 0.375 0.877 -0.344 0.690 0.531 0.505 1.105 0.343 0.309 0.285 0.176 0.156 -0.126 3.418 1.540 0.271 -0.292 0.398 0.796 0.300 0.918 1.446 1.197 0.269 0.524 1.086 0.498 0.645
OY 0.433 -0.360 -0.149 0.523 0.388 -0.932 -1.141 0.025 -1.924 2.095 1.556 0.415 0.636 -0.913 0.323 -0.569 0.760 0.066 -0.450 -0.848 -1.080 -1.587 -2.493 -0.745 1.540 5.958 -1.291 -1.084 -1.189 -0.516 -0.758 0.779 1.099 -0.611 0.526 1.159 1.293 -0.705 1.972
P  0.012 -0.568 -0.523 -0.015 -1.691 -0.446 -3.913 -0.955 -1.478 -0.677 -0.452 -0.217 -1.106 -0.389 -2.161 0.373 -0.240 0.223 -0.824 -1.423 -1.732 -1.720 -1.528 -0.952 0.271 -1.291 3.384 -1.459 -0.826 -0.292 -0.515 -0.201 -0.063 -0.439 -2.534 0.225 -0.450 -1.280 -0.800
R  0.290 0.180 0.035 0.688 -0.331 0.441 -1.116 -0.272 -0.973 0.377 0.541 1.460 -0.032 -2.012 -0.750 0.137 0.213 0.617 -0.307 -0.475 -0.667 -1.108 -0.693 -0.266 -0.292 -1.084 -1.459 2.486 -0.422 0.083 -0.188 -0.582 1.443 -0.586 -0.447 0.113 0.239 0.074 0.611
S  0.503 0.143 0.394 0.476 -0.162 0.503 -1.476 0.107 -0.931 0.523 0.040 0.261 0.495 -0.448 -0.574 0.317 0.464 0.681 -0.784 -0.718 -1.035 -0.986 -0.744 -0.685 0.398 -1.189 -0.826 -0.422 2.541 0.360 -0.018 0.229 0.698 0.518 -0.366 0.153 0.119 0.602 0.150
SH 0.473 0.328 0.783 0.894 0.001 1.078 -1.058 2.816 -0.520 0.098 0.512 0.934 0.880 -0.512 -0.826 0.325 0.373 1.294 -1.753 -0.159 0.087 -0.945 -0.347 -0.949 0.796 -0.516 -0.292 0.083 0.360 3.993 0.327 -1.218 1.182 0.725 -0.292 0.160 0.520 0.261 -0.024
T  0.529 0.198 0.777 0.651 0.123 0.604 -1.229 0.676 -0.361 -0.367 0.292 0.827 0.858 -0.557 -0.361 1.059 0.773 0.761 -0.273 -0.592 -0.281 -0.306 -0.534 -0.162 0.300 -0.758 -0.515 -0.188 -0.018 0.327 2.367 0.298 0.546 0.646 -0.255 0.901 0.420 0.068 0.321
TH 1.158 0.237 0.711 1.362 0.380 0.563 -1.843 -0.677 -0.061 4.859 -0.139 -0.169 -0.065 0.331 -1.477 0.809 0.296 0.819 -1.152 0.059 -0.935 0.419 -0.250 -0.060 0.918 0.779 -0.201 -0.582 0.229 -1.218 0.298 5.225 1.091 -1.313 -1.562 -0.796 0.080 0.827 1.271
UH 0.824 -0.454 0.930 2.221 0.007 0.632 0.557 1.946 0.527 1.713 0.823 1.592 -0.661 0.497 0.923 -0.950 0.676 0.997 0.267 0.505 0.212 0.111 0.303 1.272 1.446 1.099 -0.063 1.443 0.698 1.182 0.546 1.091 5.062 2.534 0.144 -0.476 2.246 0.860 2.284
UW 0.643 -0.506 1.239 0.468 1.793 0.111 -0.237 0.878 -0.027 0.696 0.459 0.588 0.924 -0.009 0.429 1.734 0.407 1.204 -0.596 0.181 0.073 0.233 0.335 0.054 1.197 -0.611 -0.439 -0.586 0.518 0.725 0.646 -1.313 2.534 3.740 -0.244 1.527 2.622 0.594 0.574
V  0.037 0.569 0.357 0.079 -0.567 0.854 -2.384 0.169 -0.970 -0.246 0.276 0.483 0.297 0.180 -0.121 -0.202 0.658 1.204 -0.999 -0.992 -1.153 -1.849 -1.502 0.050 0.269 0.526 -2.534 -0.447 -0.366 -0.292 -0.255 -1.562 0.144 -0.244 3.791 0.129 0.287 -0.119 0.324
W  0.380 -0.064 0.321 1.145 -0.088 1.299 -0.318 0.892 -0.018 0.520 0.607 0.812 0.587 -0.784 -0.479 3.149 0.882 1.039 -0.521 -0.138 0.700 0.096 0.249 0.701 0.524 1.159 0.225 0.113 0.153 0.160 0.901 -0.796 -0.476 1.527 0.129 3.676 0.188 0.503 -0.296
Y  0.970 0.327 1.061 0.517 -0.716 0.528 -0.454 0.625 -0.288 0.297 0.488 0.632 1.181 -1.101 0.893 1.793 0.466 1.864 1.154 0.127 0.134 0.049 0.530 0.348 1.086 1.293 -0.450 0.239 0.119 0.520 0.420 0.080 2.246 2.622 0.287 0.188 3.895 0.794 0.175
Z  0.878 0.594 0.925 1.082 0.100 0.718 -0.762 0.612 -0.676 0.757 0.493 0.820 0.890 -1.106 -0.275 0.722 1.045 0.923 -0.367 -0.636 -0.382 -0.452 -0.624 -0.532 0.498 -0.705 -1.280 0.074 0.602 0.261 0.068 0.827 0.860 0.594 -0.119 0.503 0.794 2.848 1.173
ZH 1.212 0.642 0.262 1.708 0.880 0.658 -0.650 0.517 -0.334 2.586 0.697 1.717 1.310 -0.422 0.815 -0.077 0.632 1.445 3.086 0.490 -0.994 -0.402 0.196 0.440 0.645 1.972 -0.800 0.611 0.150 -0.024 0.321 1.271 2.284 0.574 0.324 -0.296 0.175 1.173 6.202
